Number of Cloudlets Total Energy        Makespan            Total Cost         
100                 54983.88903267082   53.52157894736842   0.19855293261797788
200                 110113.04263964467  53.74157894736842   0.39763043175427193
300                 165573.24101335407  54.06157894736841   0.5979033703260018 
400                 219598.8445681204   101.84              0.7929958276071049 
500                 267799.0619365555   102.18              0.9670521681042341 
600                 330580.5893065263   102.63              1.1937632391624593 
700                 362307.45694966003  135.31956521739136  1.3083324834293264 
800                 447564.4411885374   153.38000000000005  1.6162049265141658 
900                 497509.85230413644  153.35000000000008  1.7965633555427134 
1000                534226.7238866754   153.35000000000008  1.9291520584796567 
