Number of Cloudlets Total Energy        Makespan            Total Cost         
100                 36868.87833850935   50.11               0.13313761622239478
200                 74536.22654438227   50.44               0.2691585958547143 
300                 123307.98483194904  50.44               0.44527883411537267
400                 156966.85383928163  50.66               0.566824749975189  
500                 202810.18433239535  50.879999999999995  0.7323701100892025 
600                 246818.69970016278  50.879999999999995  0.8912897489172499 
700                 277918.94011815015  50.989999999999995  1.0035961726488714 
800                 331060.203200968    101.53000000000002  1.195495178225714  
900                 368854.82051463635  101.64000000000001  1.3319757407472763 
1000                406801.89673491573  101.75              1.4690068493205142 
