Number of Cloudlets Total Energy        Makespan            Total Cost         
100                 37268.11327219114   50.44               0.13457929792735682
200                 78483.42691964097   132.71347826086955  0.2834123749875932 
300                 123409.34985008118  203.51999999999998  0.4456448744586243 
400                 165530.101600484    255.49999999999997  0.5977475891128551 
500                 203400.94836745807  306.59999999999997  0.7345034246602572 
600                 245182.8138995163   358.71130434782606  0.8853823835260367 
700                 289866.785810295    458.54              1.04674117098163   
800                 331810.2030617068   511.3999999999999   1.1982035110561577 
900                 369523.45243581396  562.2599999999999   1.3343902449070923 
1000                410840.24791771383  613.1199999999999   1.4835897841472865 
