Number of Cloudlets Total Energy        Makespan            Total Cost         
100                 54983.88903267082   102.01999999999998  0.19855293261797788
200                 110113.04263964467  153.29999999999998  0.39763043175427193
300                 165573.24101335407  216.24631578947364  0.5979033703260018 
400                 219598.8445681204   269.54473684210524  0.7929958276071049 
500                 267799.0619365555   323.45368421052626  0.9670521681042341 
600                 330580.5893065263   432.32982456140337  1.1937632391624593 
700                 362307.45694966003  465.8399999999999   1.3083324834293264 
800                 447564.4411885374   542.9157894736842   1.6162049265141658 
900                 497509.85230413644  592.3673684210527   1.7965633555427134 
1000                534226.7238866754   646.2189473684211   1.9291520584796567 
