Number of Cloudlets Total Energy        Makespan            Total Cost         
100                 37268.11327219114   50.44               0.13457929792735682
200                 78483.42691964097   50.66               0.2834123749875932 
300                 123409.34985008118  50.879999999999995  0.4456448744586243 
400                 165530.101600484    101.53000000000002  0.5977475891128551 
500                 203400.94836745807  101.75              0.7345034246602572 
600                 245182.8138995163   102.07000000000001  0.8853823835260367 
700                 289866.785810295    152.52000000000004  1.04674117098163   
800                 331810.2030617068   152.49000000000007  1.1982035110561577 
900                 369523.45243581396  152.69000000000005  1.3343902449070923 
1000                410840.24791771383  178.36043478260873  1.4835897841472865 
