Number of Cloudlets Total Energy        Makespan            Total Cost         
100                 37141.50197992063   50.66               0.13412209048304669
200                 77083.01516175899   101.75999999999999  0.27835533252857403
300                 120060.84139655762  204.03999999999996  0.4335530383764612 
400                 164528.06191179669  255.20999999999998  0.5941291124592709 
500                 202135.2420246769   305.9               0.7299328184224441 
600                 242830.49919073266  358.24000000000007  0.8768879137443066 
700                 286058.47817004693  459.3700000000001   1.0329889489473876 
800                 330359.20522102306  510.18              1.1929637966314661 
900                 367871.2632762886   560.51              1.32842400627548   
1000                408043.0429480931   612.1600000000002   1.4734887662014475 
