Number of Cloudlets Total Energy        Makespan            Total Cost         
100                 21904.76190476187   9.523809523809524   0.07910052910052909
200                 74094.21265527947   50.11               0.2675624345885094 
300                 123284.25538008843  50.29               0.4451931444280974 
400                 149072.45308876457  50.44               0.5383171917094288 
500                 194122.16703804     50.44               0.7009967143040342 
600                 246615.96966389858  50.44               0.8905576682307444 
700                 276862.53329968196  50.66               0.9997813702488632 
800                 314278.89952639205  50.66               1.1348960260675343 
900                 369950.0371636938   50.66               1.335930689757777  
1000                405620.36866478977  50.879999999999995  1.4647402201784143 
