Number of Cloudlets Total Energy        Makespan            Total Cost         
100                 21904.76190476187   9.523809523809524   0.07910052910052909
200                 64180.45112781933   17.54385964912281   0.23176274018379225
300                 119032.4894594939   50.44               0.4298395452703941 
400                 148566.0079196819   50.66               0.5364883619321894 
500                 186027.92721792872  50.66               0.6717675149536332 
600                 238744.5085946271   50.66               0.8621329477028187 
700                 275608.0777441294   50.879999999999995  0.9952513918537989 
800                 308332.06064703845  50.879999999999995  1.1134213301143028 
900                 358965.84989999316  50.879999999999995  1.2962655690833094 
1000                403513.4734266983   51.00999999999999   1.4571319873741728 
