Number of Cloudlets Total Energy        Makespan            Total Cost         
100                 73586.5254129949    53.24894736842105   0.2657291195469259 
200                 132722.4536050861   101.53999999999999  0.479275526907255  
300                 202495.2134374627   107.24315789473683  0.7312327151908365 
400                 265827.481599775    160.86473684210523  0.9599325724436317 
500                 331399.6662394531   160.86473684210523  1.1967210169757998 
600                 399978.93382223917  214.1052631578947   1.444368372135866  
700                 461726.0245364337   214.1052631578947   1.6673439774926753 
800                 528740.0638677867   267.6315789473684   1.9093391195225646 
900                 592358.6393223653   268.10789473684207  2.1390728642196466 
1000                661148.4230622983   321.72947368421046  2.3874804166138492 
