Number of Cloudlets Total Energy        Makespan            Total Cost         
100                 73586.5254129949    53.24894736842105   0.2657291195469259 
200                 132722.4536050861   53.62157894736841   0.479275526907255  
300                 202495.2134374627   53.62157894736841   0.7312327151908365 
400                 265827.481599775    53.62157894736841   0.9599325724436317 
500                 331399.6662394531   53.62157894736841   1.1967210169757998 
600                 399978.93382223917  53.52631578947368   1.444368372135866  
700                 461726.0245364337   53.52631578947368   1.6673439774926753 
800                 528740.0638677867   53.52631578947368   1.9093391195225646 
900                 592358.6393223653   101.54              2.1390728642196466 
1000                661148.4230622983   101.54              2.3874804166138492 
