Number of Cloudlets Total Energy        Makespan            Total Cost         
100                 66361.22680254304   101.53999999999999  0.23963776345362728
200                 132913.74079988763  160.86473684210523  0.47996628622181603
300                 199989.46691111912  214.1052631578947   0.7221841860679302 
400                 264370.03193389246  267.6315789473684   0.9546695597612819 
500                 330574.2115311488   321.72947368421046  1.193740208306925  
600                 397092.6256929424   375.35105263157885  1.433945592780068  
700                 463409.498650774    428.6315789473684   1.673423189572262  
800                 528039.1628918174   482.2105263157894   1.906808088220476  
900                 592857.9165473813   535.7894736842105   2.1408758097544562 
1000                657693.8489680035   589.3684210526316   2.3750055657177973 
