Number of Cloudlets Total Energy        Makespan            Total Cost         
100                 32090.2255639098    17.54385964912281   0.11588137009189627
200                 74283.0039598411    50.66               0.268244180966094  
300                 119541.89397122504  101.32              0.4316790615627609 
400                 154166.03032351832  101.75999999999999  0.5567106650571478 
500                 201756.73671334676  153.02999999999997  0.7285659936870852 
600                 239781.8893148549   204.03999999999996  0.865879044748083  
700                 276586.72418408445  204.39999999999998  0.9987853928869688 
800                 329056.1238235943   255.20999999999998  1.1882582249185347 
900                 361925.13773337146  255.36999999999998  1.3069518862593812 
1000                404270.484049356    305.9               1.4598656368448786 
