Number of Cloudlets Total Energy        Makespan            Total Cost         
100                 55853.52304943621   53.62157894736841   0.20169327767851938
200                 106046.38681847812  53.74631578947368   0.38294528573339265
300                 161153.67059041897  53.74631578947368   0.5819438104654016 
400                 217166.87477728445  107.04315789473684  0.7842137144735281 
500                 270590.5511151237   107.04315789473684  0.9771325456935029 
600                 322281.9626187826   107.04315789473684  1.1637959761233798 
700                 382682.01045130903  161.22473684210524  1.3819072599630462 
800                 444910.5746588113   161.22473684210524  1.6066215196012412 
900                 481271.6431382729   161.22473684210524  1.737925377999294  
1000                508194.9420311951   161.22473684210524  1.8351484017792898 
