Number of Cloudlets Total Energy        Makespan            Total Cost         
100                 80065.55124370071   52.85157894736842   0.2891256017133633 
200                 147173.05082598975  53.24894736842105   0.5314582390938499 
300                 203290.43771138322  53.41157894736842   0.7341043584022146 
400                 265444.9072101719   53.62157894736841   0.9585510538145091 
500                 338251.67009129975  53.62157894736841   1.2214643642185794 
600                 404990.42687492626  53.62157894736841   1.4624654303816795 
700                 463496.76249104564  53.62157894736841   1.6737383089954454 
800                 531654.9631995525   53.62157894736841   1.9198651448872819 
900                 601163.560985686    53.62157894736841   2.1708684146705375 
1000                663203.7907699271   53.62157894736841   2.3949025777803024 
