Number of Cloudlets Total Energy        Makespan            Total Cost         
100                 49477.287188955816  53.74631578947368   0.1786679815156737 
200                 114504.13906600302  107.04315789473684  0.41348716884945547
300                 167655.34366112138  107.27263157894735  0.6054220743318264 
400                 213189.77213791016  161.22473684210524  0.7698519549424578 
500                 272301.9578152401   180.07304347826084  0.9833126254439254 
600                 336799.7507524629   215.80631578947364  1.216221322161666  
700                 370309.70455627044  257.15              1.3372294886754277 
800                 419331.22586951463  269.75789473684205  1.5142516489732363 
900                 496977.04690356116  323.45368421052626  1.7946393360406354 
1000                562834.9141810599   323.7094736842105   2.032459412320467  
