Number of Cloudlets Total Energy        Makespan            Total Cost         
100                 66361.22680254304   53.62157894736841   0.23963776345362728
200                 132913.74079988763  53.62157894736841   0.47996628622181603
300                 199989.46691111912  53.52631578947368   0.7221841860679302 
400                 264370.03193389246  53.52631578947368   0.9546695597612819 
500                 330574.2115311488   101.54              1.193740208306925  
600                 397092.6256929424   101.54              1.433945592780068  
700                 463409.498650774    102.06              1.673423189572262  
800                 528039.1628918174   133.60086956521747  1.906808088220476  
900                 592857.9165473813   152.37000000000003  2.1408758097544562 
1000                657693.8489680035   152.37000000000003  2.3750055657177973 
