Number of Cloudlets Total Energy        Makespan            Total Cost         
100                 37141.50197992063   50.66               0.13412209048304669
200                 77083.01516175899   50.879999999999995  0.27835533252857403
300                 120060.84139655762  51.00999999999999   0.4335530383764612 
400                 164528.06191179669  101.69              0.5941291124592709 
500                 202135.2420246769   101.85000000000001  0.7299328184224441 
600                 242830.49919073266  102.38000000000001  0.8768879137443066 
700                 286058.47817004693  152.78000000000003  1.0329889489473876 
800                 330359.20522102306  152.93000000000004  1.1929637966314661 
900                 367871.2632762886   152.93000000000004  1.32842400627548   
1000                408043.0429480931   153.26000000000008  1.4734887662014475 
